site     long.      lat. 	   X		   Y		    Z 		 s_year  e_year    d_year
---------------------------------------------------------------------------------------------------------
 ABRA  -65.6973  -22.7220     2423793.3266    -5367435.0175    -2449718.3806    2013.892 2020.078   6.19 
 ADAT  -70.7453  -27.2394     1871470.2759    -5357656.3074    -2901989.0747    2013.697 2014.023   0.33 
 AEDA  -70.1777  -20.5462     2026140.5749    -5620942.9891    -2224451.8739    2003.936 2020.116  16.18 
 ALUM  -66.5966  -27.3234     2253309.6560    -5206250.7645    -2911357.3225    2008.791 2021.985  13.19 
 ANTC  -71.5321  -37.3387     1608539.5271    -4816369.7155    -3847798.5564    2002.497 2021.988  19.49 
 AREQ  -71.4928  -16.4655     1942826.7593    -5804070.2423    -1796893.9190    2000.001 2021.988  21.99 
 ARJF  -78.8366  -33.6290     1029312.0114    -5215909.6701    -3512481.2770    2013.711 2021.338   7.63 
 ASC1  -14.4121   -7.9512     6118526.0494    -1572344.7101     -876451.1249    2000.001 2007.673   7.67 
 ASCG  -14.3327   -7.9163     6121151.5634    -1563978.9262     -872615.3565    2015.714 2021.988   6.27 
 ATJN  -70.1368  -19.3008     2046599.4111    -5665019.4831    -2095333.3715    2005.821 2021.988  16.17 
 ATOR  -70.9553  -29.6380     1810687.3659    -5245332.8230    -3136046.7405    2017.245 2018.552   1.31 
 AZUL  -59.8813  -36.7670     2566993.1248    -4424962.8010    -3796807.7518    2007.659 2021.988  14.33 
 BCAR  -58.3011  -37.7612     2652930.0643    -4295643.4779    -3884618.4705    2009.536 2021.988  12.45 
 BINP  -70.8575  -27.1326     1862659.3218    -5366158.3766    -2891322.0798    2018.684 2021.985   3.30 
 BRAZ  -47.8779  -15.9475     4115014.0778    -4550641.5360    -1741444.0160    2000.001 2021.988  21.99 
 BRFT  -38.4255   -3.8774     4985393.5212    -3954993.4148     -428426.6975    2005.708 2021.988  16.28 
 BTON  -71.4872  -30.2632     1750673.0584    -5228329.7311    -3195631.9572    2007.001 2021.344  14.34 
 CABR  -71.2963  -34.2854     1691783.3589    -4997087.5514    -3572794.9942    2010.190 2011.719   1.53 
 CATA  -65.7741  -28.4710     2302597.6581    -5117329.0732    -3022751.2703    2008.725 2021.988  13.26 
 CBAA  -68.4481  -22.7464     2163014.2761    -5476592.3838    -2452199.3014    2006.749 2021.988  15.24 
 CDLC  -69.7615  -22.1896     2044587.7887    -5545532.2630    -2394624.2066    2006.760 2020.837  14.08 
 CERN  -70.9289  -32.5581     1758360.0073    -5086141.8074    -3413077.2160    2010.179 2016.851   6.67 
 CFAG  -68.2326  -31.6022     2016584.8347    -5050165.6316    -3323308.8183    2000.001 2010.949  10.95 
 CGTC  -70.0690  -20.1771     2042013.9950    -5631469.0629    -2186539.9986    2009.642 2021.845  12.20 
 CGUA  -69.5903  -25.1626     2015199.0962    -5415907.6239    -2696469.3353    2013.700 2020.173   6.47 
 CHAC  -58.9597  -27.4204     2921442.7518    -4854358.5656    -2919683.3189    2011.456 2021.988  10.53 
 CHDA  -70.6090  -33.9890     1757844.9984    -4994163.0538    -3545806.5739    2015.829 2021.985   6.16 
 CHM2  -69.1942  -19.6685     2135421.9027    -5619814.1451    -2134453.5290    2013.275 2015.371   2.10 
 CHML  -70.1501  -37.3591     1723897.2120    -4775259.5170    -3849907.7363    2010.251 2015.522   5.27 
 CHMZ  -69.1942  -19.6685     2135421.7939    -5619814.1498    -2134453.6242    2007.538 2013.558   6.02 
 CHPI  -44.9852  -22.6871     4164613.8825    -4162456.8731    -2445028.8212    2003.349 2021.988  18.64 
 CIFP  -70.6470  -25.6526     1906510.7197    -5428040.9270    -2744434.2573    2016.895 2021.988   5.09 
 CJNT  -67.7606  -23.0275     2224536.5259    -5440356.5344    -2481506.3241    2005.832 2020.788  14.96 
 CLLA  -69.3567  -20.9545     2101309.8657    -5577627.2772    -2267245.6785    2008.583 2021.467  12.88 
 CMB2  -71.0006  -31.2036     1777985.6205    -5163810.9468    -3285834.2600    2021.615 2021.985   0.37 
 CMBA  -70.9990  -31.1882     1778359.2995    -5164427.7937    -3284260.0803    2007.349 2021.615  14.27 
 CNBA  -71.4580  -31.3982     1732908.4027    -5166515.7740    -3303825.0868    2006.889 2021.985  15.10 
 COLC  -68.6386  -19.2762     2195079.6559    -5612314.3027    -2093478.2923    2007.848 2016.318   8.47 
 COLL  -68.6499  -20.8314     2172517.4864    -5557852.8765    -2255340.1207    2004.403 2005.952   1.55 
 CONS  -72.4121  -35.3310     1574088.8534    -4965801.1325    -3667906.1555    2004.302 2021.988  17.69 
 CONZ  -73.0255  -36.8438     1492007.4948    -4887910.7224    -3803639.9741    2002.440 2020.682  18.24 
 COPO  -70.3382  -27.3845     1907040.7043    -5337379.0101    -2916334.8734    2002.497 2015.593  13.10 
 CORD  -64.4700  -31.5284     2345503.8634    -4910842.8165    -3316365.4050    2000.001 2021.988  21.99 
 CRIS  -70.3868  -24.1679     1954966.7397    -5486185.2784    -2596046.9636    2014.393 2021.979   7.59 
 CRRH  -71.4726  -39.5835     1564405.2767    -4668083.9437    -4043239.2388    2013.574 2021.985   8.41 
 CRRL  -68.3543  -36.1527     1902243.5611    -4793350.6625    -3742612.3756    2010.207 2014.034   3.83 
 CRSC  -70.0798  -20.9177     2031233.4802    -5605040.0577    -2263425.2754    2005.859 2021.467  15.61 
 CRZL  -71.4097  -29.1016     1778092.8076    -5286467.1855    -3083814.6087    2008.873 2021.607  12.73 
 CSJ1  -68.4272  -31.9805     1991255.5612    -5036332.7231    -3358907.2626    2010.001 2021.985  11.98 
 CSLO  -69.3022  -31.7849     1918784.5494    -5078509.3409    -3341569.3524    2009.456 2021.988  12.53 
 CTLR  -70.0968  -21.9642     2015384.5651    -5566475.8065    -2371586.5098    2007.533 2018.262  10.73 
 CTPC  -71.2976  -32.5611     1725404.1765    -5096784.7734    -3413095.8966    2015.768 2021.985   6.22 
 CUIB  -56.0699  -15.5553     3430711.4000    -5099641.5847    -1699432.8864    2004.001 2021.988  17.99 
 CURI  -71.2261  -34.9771     1683876.2773    -4953741.9448    -3635944.7818    2010.185 2013.632   3.45 
 DGF1  -70.6617  -33.4573     1764064.9271    -5026608.8990    -3496702.7710    2004.001 2021.985  17.98 
 DINO  -67.8426  -30.1633     2082037.2786    -5112734.7532    -3186756.7998    2012.739 2021.988   9.25 
 EBY1  -55.8922  -27.3690     3178529.8302    -4693288.1558    -2914646.4712    2021.664 2021.988   0.32 
 EBYP  -55.8922  -27.3689     3178529.8970    -4693288.1554    -2914645.4183    2008.999 2021.522  12.52 
 EISL -109.3833  -27.1482    -1884951.5692    -5357595.9255    -2892890.5140    2000.001 2004.955   4.95 
 EMAT  -71.6627  -31.1467     1718921.1248    -5186197.6209    -3279846.1115    2007.344 2021.985  14.64 
 EPSF  -60.6721  -31.6399     2662177.3607    -4738544.5949    -3326539.0687    2012.195 2021.988   9.79 
 ESQU  -71.3234  -42.9171     1498229.0660    -4432287.0822    -4321164.2511    2008.750 2021.988  13.24 
 FBAQ  -69.7554  -20.1346     2073316.8071    -5621607.6545    -2182074.6253    2003.810 2021.988  18.18 
 FMCO  -70.6943  -26.5790     1887097.2051    -5386988.8241    -2836597.4557    2017.952 2021.988   4.04 
 FORT  -38.4256   -3.8774     4985386.6169    -3954998.5957     -428426.4362    2000.001 2006.267   6.27 
 GLPS  -90.3037   -0.7430      -33801.7580    -6377516.5318      -82154.4117    2003.018 2021.988  18.97 
 GVAL  -41.9576  -18.8556     4490200.7877    -4036984.9720    -2048288.2714    2010.001 2014.267   4.27 
 HMBS  -69.8877  -20.2784     2058474.3806    -5621316.7580    -2197049.4401    2007.242 2020.310  13.07 
 HSCO  -71.2266  -28.4615     1805950.8421    -5313025.5696    -3021583.2209    2017.738 2021.985   4.25 
 IGM1  -58.4393  -34.5722     2751804.0323    -4479879.2911    -3598922.5281    2004.001 2021.988  17.99 
 ILOC  -72.1790  -34.9488     1601746.7057    -4982579.9602    -3633226.1376    2010.188 2021.985  11.80 
 INCP  -69.9128  -26.7459     1958033.2764    -5354287.8879    -2853834.1441    2017.862 2019.319   1.46 
 IQQE  -70.1317  -20.2735     2034208.4336    -5629172.2757    -2196141.8823    2002.497 2021.988  19.49 
 ISPA -109.3444  -27.1250    -1881703.7192    -5359979.7078    -2890599.2341    2004.122 2019.023  14.90 
 JBAL  -65.6227  -27.5844     2335115.5688    -5153171.4560    -2935953.1571    2009.442 2021.985  12.54 
 JCHL  -68.7463  -30.2426     1999466.7153    -5140643.7963    -3194242.4634    2015.659 2021.985   6.33 
 JRGN  -70.5749  -23.2889     1949494.2796    -5528160.8005    -2506270.0183    2005.845 2021.988  16.14 
 JUNT  -70.0936  -29.9766     1883360.0008    -5200907.3536    -3169195.2835    2007.952 2021.985  14.03 
 KOUR  -52.8060    5.2522     3839591.3957    -5059567.5683      579956.9742    2000.001 2021.988  21.99 
 LEMU  -72.0034  -34.3910     1627884.9387    -5011136.6469    -3582351.5060    2010.182 2015.949   5.77 
 LHCL  -65.5952  -38.0027     2079355.6010    -4582903.4424    -3905925.7113    2000.053 2020.764  20.71 
 LHOR  -71.2975  -29.5759     1780206.1243    -5258628.0369    -3129678.0465    2016.889 2021.985   5.10 
 LLCH  -71.0815  -28.1903     1824081.1168    -5322091.1747    -2995230.8171    2014.105 2021.985   7.88 
 LMEL  -70.2039  -33.8261     1796872.6186    -4992068.4676    -3531499.0722    2012.283 2014.810   2.53 
 LMHS  -70.7518  -37.0241     1681074.7124    -4814336.1394    -3820292.2163    2010.251 2013.856   3.61 
 LPGS  -57.9323  -34.9067     2780102.9800    -4437418.8875    -3629404.5561    2000.001 2021.988  21.99 
 LSCH  -71.2460  -29.9082     1779017.4374    -5239626.3083    -3161595.3596    2006.889 2021.985  15.10 
 LVIL  -71.5139  -31.9092     1718361.5678    -5139769.5277    -3351907.8594    2003.571 2021.985  18.41 
 MA01  -68.0574  -38.9510     1856059.0994    -4607179.6280    -3988295.6353    2009.596 2018.232   8.64 
 MABA  -49.1223   -5.3624     4156055.6370    -4801656.5264     -592100.5604    2007.678 2021.988  14.31 
 MAPA  -51.0973    0.0467     4005461.1286    -4963550.3368        5162.3602    2010.001 2017.316   7.32 
 MAUL  -70.8214  -35.8096     1701483.9414    -4891892.0912    -3711772.5375    2003.977 2020.728  16.75 
 MCLA  -70.2475  -22.7458     1989220.1399    -5539677.5528    -2451183.0400    2005.840 2021.988  16.15 
 MECO  -58.0758  -29.1849     2946968.5674    -4730056.9779    -3091864.9914    2006.799 2007.999   1.20 
 MICA  -69.8273  -21.7148     2044900.1198    -5566051.0941    -2345718.9688    2008.086 2012.220   4.13 
 MNMI  -69.5957  -19.1314     2102407.5909    -5651893.0733    -2077868.1956    2007.284 2021.988  14.70 
 MRCG  -69.1302  -26.8353     2030136.5880    -5324822.5647    -2863744.1079    2014.095 2021.988   7.89 
 MSCG  -54.5407  -20.4409     3468912.0713    -4870550.4528    -2213735.4289    2008.001 2021.210  13.21 
 MSDR  -54.9304  -22.1941     3395050.1692    -4836120.4971    -2394508.4534    2013.522 2021.988   8.47 
 MTVB  -59.9516  -15.0064     3085619.6661    -5334029.5934    -1640843.7393    2012.439 2016.029   3.59 
 MZAC  -68.8756  -32.8952     1932262.6730    -5001226.5233    -3444667.8514    2004.419 2021.985  17.57 
 MZAE  -68.1501  -33.2548     1987261.2495    -4955975.7243    -3477976.9544    2007.453 2019.308  11.85 
 MZAL  -68.5952  -32.7207     1960467.6426    -5001296.5359    -3428284.7707    2013.327 2021.985   8.66 
 MZAS  -68.3345  -34.6149     1940230.2142    -4884145.4510    -3603203.6694    2010.001 2010.812   0.81 
 MZAU  -69.1184  -33.7360     1892847.8203    -4961662.9512    -3522715.3108    2011.473 2018.864   7.39 
 MZSR  -68.3343  -34.6155     1940234.6013    -4884106.2659    -3603256.2636    2010.919 2016.832   5.91 
 NAUS  -60.0550   -3.0229     3179409.3750    -5519130.6867     -334110.0914    2006.001 2021.988  15.99 
 NAVI  -71.8246  -33.9527     1652060.7747    -5032059.6928    -3542174.9602    2010.188 2021.933  11.75 
 NESA  -64.4540  -40.1054     2106689.3804    -4407656.6928    -4086996.6975    2009.963 2019.999  10.04 
 NGAQ  -60.7293  -26.6859     2788261.4653    -4974591.9433    -2847222.1363    2010.223 2016.985   6.76 
 OVLL  -71.2039  -30.6037     1770399.9176    -5201675.2804    -3228286.1094    2004.318 2021.988  17.67 
 PAPO  -70.4953  -25.1083     1929511.5556    -5447340.4647    -2689964.4565    2019.681 2021.988   2.31 
 PARA  -49.2310  -25.4484     3763751.6480    -4365113.8017    -2724404.6967    2000.010 2007.347   7.34 
 PAZU  -70.5987  -26.1479     1903226.5509    -5404111.3775    -2793946.8416    2013.703 2021.988   8.28 
 PB01  -69.4879  -21.0435     2087099.9120    -5578600.2895    -2276240.2245    2007.903 2020.075  12.17 
 PB02  -69.8928  -21.3153     2043929.6561    -5583134.9741    -2304352.5318    2007.905 2020.075  12.17 
 PB03  -69.7520  -22.0489     2047395.1905    -5550297.8153    -2380013.3197    2007.903 2019.925  12.02 
 PB04  -70.1497  -22.3350     2004774.4055    -5553184.5637    -2409381.4556    2007.900 2018.292  10.39 
 PB05  -70.2030  -22.8532     1992010.3437    -5533937.4478    -2462216.6258    2007.897 2019.862  11.96 
 PB06  -69.5721  -22.7060     2055117.8631    -5517833.4482    -2447285.7389    2009.768 2020.075  10.31 
 PB07  -69.8860  -21.7269     2039000.0882    -5567627.8824    -2346946.3853    2009.845 2018.292   8.45 
 PB08  -69.1609  -20.1430     2132072.2966    -5601216.9971    -2183617.9670    2009.807 2020.075  10.27 
 PB11  -69.6557  -19.7613     2088092.8158    -5631477.3018    -2143316.3468    2013.366 2020.075   6.71 
 PCAL  -68.9297  -22.4563     2120943.2829    -5505056.8614    -2422067.0763    2003.914 2010.095   6.18 
 PCCL  -70.1067  -18.4577     2059697.5658    -5691945.1199    -2006861.0241    2005.801 2021.988  16.19 
 PCHA  -69.4321  -19.8695     2108730.3038    -5619734.7744    -2154683.5111    2005.503 2018.393  12.89 
 PCMU  -71.9612  -34.4962     1629565.8323    -5003744.5009    -3592026.1662    2015.308 2021.985   6.68 
 PEDR  -70.6891  -30.8390     1812860.8605    -5173570.9421    -3251074.9534    2007.152 2021.985  14.83 
 PEJO  -61.8946  -35.8063     2439651.9666    -4568033.3679    -3710849.2461    2010.733 2021.988  11.25 
 PELL  -72.6056  -35.8279     1547738.6733    -4940523.6179    -3712785.3297    2010.190 2021.985  11.79 
 PFRJ  -71.6354  -30.6747     1729897.2172    -5211020.6489    -3235037.6567    2007.001 2021.985  14.98 
 PICB  -69.3280  -20.4885     2110482.4153    -5593502.6276    -2218919.4794    2003.505 2007.845   4.34 
 PICC  -69.3346  -20.4898     2109816.2699    -5593685.4068    -2219052.4905    2009.900 2021.105  11.21 
 PICN  -69.3280  -20.4885     2110483.5184    -5593500.8677    -2218922.4267    2000.042 2003.289   3.25 
 PLAJ  -72.6969  -37.2546     1511818.5153    -4852968.9919    -3839969.4813    2010.207 2012.023   1.82 
 PLVP  -73.5850  -37.1488     1438417.1087    -4882611.9193    -3830607.0466    2014.637 2021.985   7.35 
 PMEJ  -70.4484  -23.1008     1964357.7631    -5531332.4456    -2487012.5035    2003.911 2021.988  18.08 
 POAL  -51.1198  -30.0740     3467519.4062    -4300378.5537    -3177517.6859    2004.001 2021.988  17.99 
 PORT  -70.1300  -32.8352     1824126.1987    -5047354.7381    -3440205.3228    2002.947 2021.985  19.04 
 POVE  -63.8963   -8.7093     2774265.6172    -5662060.1407     -959415.9162    2006.010 2021.988  15.98 
 PRCV  -53.4663  -24.9628     3444651.9152    -4649463.1240    -2675662.5807    2013.637 2021.960   8.32 
 PRNL  -70.3840  -24.6046     1948719.8334    -5467822.1651    -2640371.3217    2014.492 2019.155   4.66 
 PSGA  -70.1230  -19.5974     2044049.8919    -5653719.3631    -2126097.0227    2007.240 2021.988  14.75 
 PTRE  -69.5743  -18.1943     2116516.1306    -5683345.1426    -1979951.2984    2005.812 2021.988  16.18 
 PVCA  -71.6232  -30.2675     1738205.2534    -5232323.0837    -3196091.5214    2016.072 2021.985   5.91 
 QLAP  -72.1255  -36.0845     1583970.2071    -4911531.3432    -3735878.8827    2010.190 2021.985  11.79 
 QTAY  -71.7022  -33.1927     1677411.7332    -5072690.9912    -3471886.7253    2016.045 2021.985   5.94 
 QUIL  -69.5577  -21.6922     2071233.1718    -5556830.7527    -2343222.1217    2003.936 2008.425   4.49 
 RADO  -68.9268  -22.0829     2127178.4806    -5520399.7824    -2384146.8795    2007.936 2021.988  14.05 
 RCSD  -71.6135  -33.6544     1676386.1519    -5043361.5575    -3514654.4743    2008.791 2021.985  13.19 
 RGAO  -69.3798  -34.2456     1859437.4119    -4941657.8966    -3570313.4613    2010.212 2015.470   5.26 
 RIO2  -67.7511  -53.7855     1429907.8055    -3495354.8378    -5122698.6219    2007.303 2021.988  14.68 
 RIOG  -67.7511  -53.7855     1429907.7470    -3495354.7502    -5122698.6302    2000.001 2007.163   7.16 
 ROB1  -71.0158  -32.9758     1742923.8577    -5066369.6427    -3452911.9612    2016.048 2021.985   5.94 
 ROBL  -71.0151  -32.9764     1742986.3647    -5066327.4514    -3452981.6077    2008.827 2014.714   5.89 
 ROCD  -60.5439  -13.1223     3055332.3335    -5409951.4138    -1438685.2418    2010.270 2019.404   9.13 
 RODE  -69.1312  -30.2094     1965685.0671    -5156033.7144    -3191281.4942    2015.804 2021.985   6.18 
 ROJI  -61.9597  -10.8639     2945010.5575    -5529377.0345    -1194259.1987    2010.001 2021.988  11.99 
 RSAL  -55.7688  -29.7894     3116428.4522    -4580325.0197    -3150197.2778    2013.505 2021.988   8.48 
 RWSN  -65.1072  -43.2989     1956973.4220    -4217335.2697    -4351745.5295    2000.070 2021.988  21.92 
 SAGA  -67.0578   -0.1439     2486243.7438    -5873685.3319      -15906.7036    2010.001 2021.988  11.99 
 SANT  -70.6686  -33.1503     1769693.3990    -5044574.1513    -3468321.0002    2000.001 2021.988  21.99 
 SAVO  -38.4323  -12.9392     4870283.7443    -3864605.3014    -1418872.5246    2007.681 2021.988  14.31 
 SBAL  -61.2266  -30.3088     2652778.2926    -4830689.3666    -3200023.5138    2011.001 2021.988  10.99 
 SBLL  -70.7807  -34.7921     1726363.5016    -4952068.8145    -3619461.2161    2015.034 2021.985   6.95 
 SCRZ  -63.1597  -17.7968     2743005.9202    -5420745.2770    -1937117.0964    2009.845 2021.988  12.14 
 SILL  -70.7387  -29.2549     1837785.1381    -5259288.7056    -3099730.3540    2008.452 2021.766  13.31 
 SJAV  -71.7325  -35.5954     1627563.3598    -4930680.7989    -3691845.8052    2003.325 2021.985  18.66 
 SL01  -66.3140  -33.1564     2147509.1283    -4895414.2895    -3468961.9715    2009.738 2021.988  12.25 
 SLM1  -70.9745  -32.0434     1764750.0388    -5117807.0910    -3365771.2945    2018.875 2021.985   3.11 
 SLMC  -70.9628  -31.7770     1770380.9222    -5130734.2459    -3339726.4645    2003.574 2018.193  14.62 
 SMAR  -53.7166  -29.7189     3280748.4140    -4468909.8071    -3143408.5584    2012.001 2021.988   9.99 
 SMAT  -70.5372  -33.2727     1778978.7790    -5034064.0015    -3480083.8381    2018.470 2021.985   3.52 
 SRGD  -69.3478  -22.8711     2074340.0531    -5503472.8464    -2464315.0753    2006.873 2021.988  15.12 
 SRLP  -64.2804  -36.6215     2224229.7387    -4617565.9402    -3783897.7247    2008.597 2021.988  13.39 
 SSA1  -38.5165  -12.9752     4863840.3169    -3871158.6556    -1422726.6710    2010.001 2021.988  11.99 
 SURI  -69.1434  -18.8538     2151181.3252    -5646221.1587    -2049436.8690    2017.062 2021.810   4.75 
 TAMR  -70.2346  -27.5938     1913138.7398    -5324046.9923    -2937022.9124    2013.695 2021.985   8.29 
 TERO  -64.2568  -27.7891     2452644.4735    -5086396.5007    -2955957.2356    2008.392 2021.985  13.59 
 TILC  -65.3951  -23.5771     2436177.1389    -5319863.5994    -2536435.7166    2012.966 2021.988   9.02 
 TLGT  -70.9888  -33.7763     1729167.0436    -5018676.0186    -3526600.5047    2014.892 2021.985   7.09 
 TMCO  -72.6137  -38.7648     1488032.9579    -4752307.8886    -3972075.1553    2010.382 2021.979  11.60 
 TOLO  -70.8061  -30.1699     1815037.7839    -5213851.6656    -3187790.5076    2005.358 2021.648  16.29 
 TOPL  -48.3307  -10.1711     4174345.6076    -4690236.7284    -1118921.3257    2008.001 2021.988  13.99 
 TRST  -70.2738  -28.8363     1887686.6576    -5264521.0934    -3058626.9214    2014.114 2021.985   7.87 
 TTAL  -70.4258  -25.4207     1931481.9690    -5431973.1461    -2721704.4783    2014.382 2019.558   5.18 
 TUCU  -65.2304  -26.8433     2386117.1653    -5171223.2973    -2862949.1677    2000.001 2021.988  21.99 
 UAIB  -70.5098  -33.4932     1776793.2690    -5020231.0162    -3500304.3707    2015.462 2021.985   6.52 
 UAPE  -70.1413  -20.2430     2033673.8216    -5630627.3543    -2192975.7201    2005.393 2021.988  16.59 
 UAPF  -70.1411  -20.2432     2033687.8238    -5630604.3437    -2192992.3045    2000.075 2004.999   4.92 
 UBE1  -48.3170  -18.8895     4014997.1737    -4509022.4722    -2052040.4855    2014.229 2021.988   7.76 
 UBER  -48.3170  -18.8895     4014997.2091    -4509022.4618    -2052040.5817    2010.001 2014.226   4.22 
 UCNF  -70.4093  -23.6790     1959617.1982    -5506063.4051    -2545790.0143    2005.327 2016.488  11.16 
 UCOR  -64.1935  -31.4350     2371430.0305    -4904119.9740    -3307377.4538    2004.258 2021.988  17.73 
 UDAT  -70.3544  -27.3572     1905977.4358    -5339165.3062    -2913614.8349    2014.758 2021.988   7.23 
 UDEC  -72.3448  -37.4723     1537193.2735    -4829688.4115    -3859233.5076    2010.001 2021.744  11.74 
 UFPR  -49.2310  -25.4484     3763751.6709    -4365113.8568    -2724404.6190    2007.747 2021.988  14.24 
 UNRO  -60.6284  -32.9594     2627448.1875    -4668383.1774    -3450213.5082    2004.250 2021.988  17.74 
 UNSA  -65.4076  -24.7275     2412830.3993    -5271936.7330    -2652209.0939    2000.004 2021.988  21.98 
 UNSJ  -68.5771  -31.5413     1987485.0365    -5065493.3537    -3317557.4768    2007.177 2021.988  14.81 
 URCU  -70.1529  -21.7637     2012052.3258    -5574303.9189    -2350168.1038    2007.925 2008.898   0.97 
 URUS  -67.1144  -17.9528     2361785.5348    -5595048.6642    -1954576.6763    2010.048 2019.864   9.82 
 UTAR  -70.2965  -18.4906     2040107.7986    -5696703.7044    -2009987.6162    2003.927 2021.988  18.06 
 UYPA  -58.0672  -32.2912     2854570.6897    -4580210.9759    -3387815.1216    2011.001 2021.988  10.99 
 VALL  -70.7644  -28.5720     1846932.3016    -5293067.9580    -3032521.6957    2008.449 2021.336  12.89 
 VALN  -71.6350  -33.0279     1686528.3028    -5080258.0250    -3456621.0393    2005.358 2021.985  16.63 
 VBCA  -62.2692  -38.7008     2319240.8130    -4411743.9417    -3966484.1166    2005.001 2021.988  16.99 
 VITA  -72.8647  -36.4236     1513878.8055    -4910183.6779    -3766132.8155    2010.193 2021.982  11.79 
 VLZL  -69.9647  -23.1172     2011212.9239    -5515183.9005    -2489275.4582    2006.738 2021.988  15.25 
 VNEV  -70.2491  -33.3536     1803071.6824    -5021712.7574    -3488483.3051    2003.021 2021.368  18.35 
 YCBA  -63.6800  -22.0171     2623233.4181    -5303044.7975    -2376415.9968    2011.396 2021.988  10.59 
 ZAPA  -71.4656  -32.5528     1710593.8763    -5102238.3658    -3412274.2632    2010.182 2021.985  11.80 
 